$ANSIBLE_VAULT;1.1;AES256
36653138633836303265623132356534326361323232393731663561656265396463613432396464
3134356463373737386334623063663831306566626237330a323464346439313836653364636462
30333262616535306337633735363765333161353262313764303135303236646233306539356538
3034316239353333640a343466636161616161363339393166356239643162396566346266383665
63323965383463643636353731343037613532373436316563306635313830343234666235363463
30653636643561303738346434623766373236333634383134313261626630613464376632623662
30353934646539306538373235336537643232613636306463353962386466383631393539366163
30613364633937643766626136363962353361336230646235303633363562356437396634643162
35393361663033323564363464343339633135623533346663363563303635313464313438616634
65656666653033613739386532336630333562616466336164666165326264303137313333313661
64336163623731316539353131663730626133386631653565616438646131303031313131626265
33303938386162333832333339323634633237633065343865393862353638623037316365363961
38316234623364366334303362366566313230383261656362356339363633356665383563623466
37386139636361623461633431386665353137633766653561626466663731633438373535383065
62383833663537613634383037613364653361623132626234376238386639323831663633363438
62333364653862313536336661663337666638613566396539323165636566366366613437313832
33323061623730353262343038623064613735313533363332363730623961366338376430363237
30646165353861303561363766353562373533663031636433396463363537643132303062303835
33326635623663393933346433663864393166633236306135366534643833626262313163616261
61323166633339373630626234373964613932613238633766373034313863656464343665663234
63623638616134323134626262376133313134633263636362616631323336613735366637356333
61373133383233323662346630303639333335646535666137323039316238646435313830663661
64663836626463333436376438343065303661363135666264303232383339333661323662383535
33313236613564303838
